2.243097774899685870e+00
3.781265118142527748e-01
1.325928108440888598e-01
1.290318108502010119e+00
1.078929163905139266e+00
1.421655666234387327e+00
-1.224908298243895022e+00
6.306601014770318869e-01
9.329450573766230603e-02
-4.463074260476013189e-01
4.866974947738449131e-02
-4.527492884523797168e-01
-6.480706078995350783e-01
-1.066769730466972099e+00
-6.284795333963776320e-01
-1.204955824393837638e+00
1.808375773893049210e-02
1.189852280809218454e+00
-2.393392532659416316e-01
-1.074293438554085434e+00
-4.334530491166641020e-01
-5.761805755032798348e-01
1.693298963516586708e+00
-9.630009806260507454e-02
-4.656527617248366197e-02
-2.694118480621719991e-01
-6.379084692681207258e-01
-2.140490222779229512e+00
-1.362093776960201785e-01
8.071075497309523339e-01
-2.522476957210380011e+00
7.023892508492608489e-01
-1.423190568259371513e+00
-1.723912538917141246e+00
-8.815319177290253938e-01
1.250936539499724498e+00
9.409854876605878715e-01
4.033121826212920924e-01
-2.887329042318338423e-01
9.062139720772274809e-02
-4.296741550569943557e-01
2.100407396397007964e-01
1.474887158370529638e+00
1.824817618307520872e+00
1.665619034374972163e-01
-9.084918142178096540e-03
2.854640612110212819e-02
-1.687694440499572179e+00
1.894355186821186976e+00
4.054668717552442625e-01
-2.549821774484871129e-01
-4.876681610482436202e-01
-1.018891223480200336e+00
2.684545982346238646e-01
8.708288929429987002e-01
4.516510683486370525e-01
-2.460163775290410415e-01
2.006062538449853161e-01
-1.874890003527188265e+00
1.543438516071269584e+00
1.061078872957651908e+00
-3.451831956399477042e-01
-1.018629182170768477e+00
-2.279693545654423170e-01
1.576559501637674554e+00
1.459918579957707463e+00
-7.919749933891266636e-02
5.137872460470154223e-01
1.725924833529819957e-01
-1.086300154977325905e+00
8.463878383755001344e-01
-6.563715222343063926e-02
-4.008970922881294197e-02
7.737307555461329089e-01
1.557325019150791690e+00
9.760238980176848267e-02
-5.967841182525751575e-01
-5.497243520094240443e-01
-1.488118371385346528e+00
2.459021717359190784e-01
2.825132699490270349e-01
-1.660858309245720824e-02
-6.364158687502310952e-02
-1.492441661265471620e+00
-3.956254278140057812e-01
-5.070920359894945939e-01
-3.762336878150646102e-01
9.690342802344541484e-01
-1.269095347766492354e+00
-5.276873038345087502e-02
3.678900766030018810e-02
-3.306480047362804764e-01
-6.071623794578133726e-01
6.537208349334011626e-01
-1.124849919790232633e+00
2.669556447894577134e-01
5.057272614479507017e-02
-1.134611098678281360e+00
-2.867710834418311927e-02
-1.051255580091460251e+00
-4.562819597883286393e-01
-6.983054391066860767e-01
-2.541892623549511527e-03
-8.545284069518981340e-01
-1.209592281235279509e+00
-7.193615856623780669e-01
3.071520851175209565e-01
1.488859509046598917e-01
2.380481624190952715e-04
3.973641812658579298e-01
1.013481314736658367e+00
-8.511826846318770734e-01
-1.153605202339050978e-01
-1.702505189041020106e+00
-2.118136716217771554e+00
1.949147877990645983e-01
-9.451220794217956023e-01
-2.780151290323392699e-01
-3.464329829284976681e-01
-5.711442119493990166e-01
-9.686962426217510247e-01
8.336994870378894307e-01
2.312795690735915066e+00
7.734409477688133361e-01
-8.096943264401942342e-01
3.075001862182011325e-01
-8.165823324370384828e-01
-1.094732659404582975e+00
1.322083392521903988e+00
-8.132474928847460705e-01
4.847152030859704364e-01
-1.071376542246242902e+00
7.429798436732025779e-01
2.510478903191399880e+00
1.276979937617707783e+00
-2.708323097923775458e-01
4.035902161792233045e-01
-2.858446683985959025e-01
-4.159415288772825292e-01
-2.488899577298644139e-01
1.819099092112231197e+00
5.425301227445726848e-01
-1.642749819805917832e+00
-2.183409080967089189e-01
-3.850828583728494459e-01
-1.958883659507009378e+00
-7.044115597779154747e-01
-1.345151675856613771e+00
1.020567339683963182e+00
7.214755718659582318e-01
8.723248378693072569e-01
7.021528963909730026e-01
-8.263079074973197491e-01
9.262193894156417473e-01
8.108592238745550296e-02
-3.745660866967735481e-01
-2.808517820457259034e-02
-4.045678437988068366e-01
-3.966894207195778010e-01
-1.001685659948232221e+00
-7.172678557771011709e-01
-3.668732910081142218e-01
1.502403324146517782e+00
7.316614714766902505e-01
-1.755723090851881441e-01
-4.782471851753826719e-01
1.959555120251215365e+00
3.574731697710114564e-01
-5.659955747170287710e-01
6.667208312741735865e-01
1.155927301564994708e-01
-8.944862997910139057e-01
1.444728600861744594e+00
2.565578827423842245e-01
-7.284570675068381407e-01
-9.672741380592405624e-01
2.519047416110871684e-01
6.946852132508831712e-01
9.865557568569108815e-01
8.199307909645384140e-02
-1.096037009062780454e+00
-6.299381728345918585e-01
2.584162065254037355e+00
2.721114994821284827e-01
-1.069969702892767494e+00
-1.526247258737293722e+00
-1.552401829472456751e-01
6.957554594351708643e-02
-8.666530804099145113e-01
-7.259220611026705461e-01
3.875946821642620166e-01
-3.828083810595256931e-01
-6.217707983923097537e-01
1.421468970949831157e+00
4.691534113564289898e-02
-2.810225128086483726e-01
5.457417196538274506e-01
-3.770499950032015768e-01
1.006743603660211095e+00
-1.990786298864597459e-01
2.160656142953513825e+00
4.579747879823958812e-03
-1.108230089897884296e+00
-1.927526357778501342e+00
8.517803993978082522e-01
-4.912199050551668278e-01
5.733219904649436982e-01
-7.568579557609159680e-01
2.593857747680814452e-01
1.019075334480263884e+00
-7.891409176798462877e-01
-7.447985290224844457e-01
1.314565683509197058e-01
2.634019811965725155e-02
8.124915898966155181e-01
2.308856196030277808e-01
9.644574226938606998e-01
1.645641072802751792e-01
-3.314410426335989701e-02
2.098299501453803728e+00
7.613263077789501621e-01
-2.661356956215206182e-01
-1.528449908872008267e+00
-7.791276369599638985e-01
8.709796381390565445e-01
-1.343659222460060310e+00
4.392806966424405712e-01
-4.602835758681583789e-01
-1.164954073768640574e+00
-2.163187488583609430e-01
-2.594670700429052568e-02
-5.433082236009856292e-01
7.951190015665020594e-01
1.059155087153882846e+00
5.907890828731751087e-01
-1.223371386194059163e+00
1.913381405141380887e+00
5.404714625110222936e-01
-9.054949685489781519e-01
4.395766161964453356e-01
-4.576578082474583864e-01
-1.339444337722009548e+00
2.219268807120016174e-01
-6.379011012153302795e-01
-4.751867754600461735e-01
1.228115767881316156e+00
-7.149914925955110911e-01
-2.656574640356307304e-01
7.490997396647808282e-01
4.778020499450630343e-01
1.204971333741291728e+00
1.136598916334838894e+00
2.696486675297842250e-01
-1.101390105344890319e-01
9.493758117240533867e-01
7.182165136517046355e-02
-6.954201331624975113e-01
7.955953248243156084e-01
1.136949382185496182e-01
9.149965532226075338e-01
1.977591449485653907e+00
1.075797245380304856e+00
1.195892212945411787e-01
-1.067081430993009894e-01
-7.207160289314440416e-01
-3.598116053600109998e-01
1.326377169399089784e+00
-5.415857412506006607e-01
5.556101611968773391e-01
-5.906606872207205150e-01
8.655484230678054391e-01
-6.393890894128696489e-01
2.697281504688887832e+00
1.345235539272297443e+00
-1.518372680342002790e-01
1.106178806077622090e+00
-1.070205564953298077e-01
6.099156326873528267e-01
-2.263667448484004974e-01
2.935531794641320080e-01
-1.495648347297620528e+00
8.702262918684895432e-01
1.496084331833015257e-01
-1.009109679950634053e+00
1.566349443645312922e+00
6.109393895405467179e-01
-2.767589579068615024e-01
-6.420589301028921669e-01
-2.262660428577305261e-01
-1.965300078781297533e+00
5.435991829204922521e-02
1.662407097247320831e+00
1.594060700701204869e+00
-1.348716641825499662e+00
7.477717208007073069e-01
7.026739963460979510e-01
-1.074901223373551234e-01
-3.395534777831091811e-01
1.701811701621413209e-01
-9.303264186296314464e-02
2.072742242940806001e+00
4.299447893857943903e-02
1.008237285504964387e+00
4.709708244979355501e-02
4.851620033258268183e-01
-9.602568445579803269e-01
-5.171705418811574084e-01
5.026712454563889709e-01
-1.056605921515087754e-01
-3.023003637868889037e-01
-8.800403127861604613e-01
5.559918035074017384e-01
-2.589861511084874945e-01
7.884353853777729126e-01
1.295395553068449335e+00
1.577467449387045306e+00
1.098201731159573979e+00
-2.156459804016863657e+00
3.903803751791937726e-01
5.935431026804687260e-01
9.429248844108960581e-01
-9.408312425765571474e-01
-3.354745456414972016e-01
-1.557097970276106302e+00
2.728962083209959477e+00
1.216182183843817821e+00
5.387665726114810871e-01
2.143555669993681967e+00
-6.988182752403004905e-01
3.381230017869776838e-01
1.771574807039144162e+00
-7.913903780079813988e-01
4.381436112361424273e-01
-1.189747090358761472e+00
-1.703793993497029646e+00
-3.233867620470559645e-01
-1.400414450873068706e+00
9.186244178169820085e-01
2.958106120064294409e-01
4.662441887135377327e-01
-9.700194308355486461e-01
1.852114176433195203e+00
-1.312908653248288982e+00
-5.142785678352272960e-01
-4.702096100352084473e-01
-7.410905110681659247e-01
7.371301878013589715e-01
3.076150988425515598e-01
-1.625792373522212675e-01
2.523289441945504238e-02
-1.458499757175568901e+00
-5.679828151840737860e-01
6.015289580209647324e-01
5.909044112246133462e-01
1.181463204834090203e-01
1.241809372276095891e-01
4.791043553596207594e-01
-5.019629000721045342e-01
2.167392434094283227e-01
9.100750218141745451e-01
6.692093966347317791e-01
1.589797954895866006e-01
-1.006300454470740569e+00
2.897029545861708466e-01
-4.992213804761572171e-01
-1.209551310254406431e+00
6.055221576535109174e-01
3.363021404540519899e-01
3.288975491567455167e-01
1.369785061892080658e-01
5.871105984029719727e-01
7.089677146941272268e-01
-6.770615453919657245e-01
-1.245067921186849391e+00
9.705775627941281014e-01
1.500557773322998889e+00
7.136272637587351975e-01
1.376996504997774151e+00
-2.686209292076584099e+00
-4.445969528723135999e-01
3.337137834561905714e-01
-1.247034894302406105e+00
2.269696549194862023e-01
7.382869915846438369e-01
1.549630704717169349e+00
4.936722961755972694e-01
1.894002409422544941e-01
-9.264972631553702875e-01
2.384088108927479577e-01
6.242192823535509527e-01
-7.527119603718250840e-01
-8.185460056544121565e-01
5.157389941259080679e-01
2.112725602946051939e+00
1.371507009677789546e-01
4.573564676673235185e-01
-6.349922908343014205e-01
4.676848130303556395e-01
4.694311299229431689e-01
6.133770552604997928e-01
4.680771457935943743e-03
-9.840303679628914502e-01
-1.930322330997927605e+00
-1.943156801656421351e+00
-4.221159385553295840e-01
7.775070028086509266e-01
-3.770923179131333014e-02
-1.564414762726348940e+00
3.310446545226750081e-02
-6.028553329553221207e-01
-9.013830318461104607e-01
-5.905462708596510568e-01
1.911022842538786071e+00
-2.781513964222978030e-01
7.579999574725793110e-01
-5.738285928203374908e-01
1.149689937442675891e+00
-1.004965119194241474e+00
1.263881384569914168e+00
1.736882193143331587e+00
-1.501705447377323699e+00
6.987892631257357490e-01
6.074125659669746824e-01
5.742329101860078611e-01
6.607074479716855686e-01
-1.071459639155677435e-01
-1.202910143737909304e-01
1.058429530582097877e+00
-2.040019301070507274e-02
8.288266424708389257e-01
-1.624232216859302191e+00
-1.976787500340549508e+00
-7.922219015927263186e-01
2.073221077390398348e-01
7.489046141598276578e-03
-4.751866577588644280e-01
6.760681964010732958e-01
3.242285282479300257e-01
-7.634922900409483182e-01
-1.635043930942266244e-01
5.753730798272609359e-01
-1.201993835335865013e+00
-4.194237441835432789e-01
-4.434626286842369702e-01
4.633357170380804080e-01
2.040941135963135977e+00
-1.474745686091843089e+00
-3.899880153124992144e-01
6.020294376135485459e-01
-1.369617618146916627e-01
-8.341239716967852047e-01
1.451555282255108548e+00
3.001572091401892572e-02
5.788418936891470690e-01
1.053806285192843140e+00
-1.167274424550036382e+00
1.921382477042367309e+00
-1.363577167241360577e+00
8.309476838472736882e-01
1.062209817473060314e+00
2.928625491467850561e-01
4.772218363072947001e-01
6.575041238783131403e-01
-1.697570231332931945e+00
-3.858190252720800073e-01
-5.573916519135269088e-01
8.936374148961101493e-01
2.423292129793638838e-01
3.247143387271837767e-02
8.749152661284993471e-01
6.331106245872329952e-01
-1.257143211608192424e+00
-8.580415468399850143e-01
2.610719995414885752e-01
-1.568350679032780859e-01
-1.308378039852526431e+00
8.471248116787991611e-01
2.416933749107444962e-01
-8.808966255165682213e-01
9.192657490347659888e-01
2.560585876150722195e-01
-1.389940991280619764e+00
-1.202344197236591805e+00
2.441275583173946884e-01
1.021699379046803191e+00
-9.980034923043955564e-01
1.381200625642716728e-01
-3.120162275400180651e-01
-2.043928176712323630e+00
-9.172909023837889919e-02
3.916439501089999387e-01
3.236913745344084936e-01
6.080107901577627150e-01
1.953570779082479225e+00
-1.409269971536954769e+00
2.049191951199136885e-01
-1.333548441203618873e-01
-1.062295590726010985e+00
1.573548093402038939e+00
1.413894710607406235e+00
3.116534812049309155e-01
1.265530505505434888e+00
1.774495538389394556e-01
7.102906506450384905e-01
5.575018526151664933e-01
-3.432818539149384840e-01
-5.351605081193776536e-01
-1.019401001395259687e+00
-1.124975326528389941e+00
-1.620863883726284815e-01
3.204892912141066863e-01
-1.348807986031071549e+00
8.870657638203119921e-01
1.907650370580515453e+00
-2.345195737663441915e-01
1.574527423547639193e+00
-4.338525004691226594e-01
-1.234933634009457298e-01
-7.511188083354246592e-01
-1.034149978879129073e+00
-3.790951289319049455e-01
6.022264483895170550e-02
-6.319097991201408915e-01
-9.447740122146608410e-01
-2.070249745029776878e-01
7.041943321313588466e-01
4.617034048882830977e-01
-7.428059386521576601e-02
-1.238762300274731221e+00
9.727396697045722629e-01
1.595938628675291682e+00
1.310232408081611233e+00
-9.243040918173762721e-01
-1.403054497009838641e+00
1.168669109322777899e+00
1.322270204599284016e+00
-7.413445736537691566e-01
2.292367958917844728e-01
-1.426256950463085316e+00
5.958419450587016941e-01
-1.490483500294776699e-02
8.383150615390691507e-02
1.402221089545230726e+00
-2.207306978344317105e+00
-1.050385027584877617e+00
2.952631224822922729e+00
-3.417804452963559003e-02
-6.736059501596344257e-01
-8.361173079534305330e-01
-9.704254632696172056e-01
8.251640410797512759e-01
-7.563212984483995427e-02
1.063330585836807396e+00
2.550809922492967563e-01
-7.828397971748389528e-02
8.660366628538348488e-01
8.611736573137916961e-01
-4.336471789142719580e-01
6.667300800892191903e-01
-1.208109068690835786e+00
-5.903757375168660060e-01
-1.575901742826190333e+00
1.137200043084135581e+00
5.069812519064039735e-01
-2.092059004075808581e-01
1.702446636111085709e+00
-9.557431916843589503e-01
-8.241943226744902207e-01
-2.050733395790544367e-01
1.555474735861137159e+00
1.347064970769151770e+00
2.848160423670494934e-01
-8.302894340242138460e-01
-1.675671662367562709e+00
1.027752356712828607e+00
-8.903683137671158931e-01
4.264763468872392188e-02
-1.408390711150562025e+00
-3.508908528345827116e-01
2.395830688282702514e+00
1.101953256016176663e+00
1.877147384844604361e-01
1.243142595033706194e-01
-1.667316371137480102e+00
-1.883167195930071092e-01
-1.553298304603515811e+00
-1.724579509645157938e+00
1.398392402548839897e+00
-1.734425297506573482e+00
5.150665124408573270e-01
-1.964843689315979303e-01
5.739708142035485627e-01
4.883295520072187812e-01
1.400747280813232354e-01
4.862845060036900535e-01
5.404799540874201114e-01
-4.624743977573592124e-01
-7.383216195006178095e-01
3.569597361040949268e-01
2.182958354699182646e-01
-6.428819009484709746e-01
-7.953670338552155661e-01
5.236409398315073904e-01
-2.095752615221717630e+00
-1.050707759212595738e+00
-7.009478693305472019e-01
-1.242178908233207757e+00
1.630557593535185423e-01
3.123377587317739401e-01
4.031733149515267511e-01
9.732417715765722122e-01
9.865985555331461265e-01
-1.539352522300023507e+00
2.456483652692965425e+00
5.400532819159071796e-01
-7.176902389644945757e-02
6.081131026680571816e-01
-8.886234432811083161e-01
1.161374893853662632e-01
1.202670368754056973e+00
-1.598330188494040183e+00
5.273090697801113835e-01
-1.247070398160307736e+00
-1.211395230004885137e+00
9.024543562907773667e-03
-3.938240403598448069e-01
1.027802467083835269e+00
1.599493808991009902e-01
3.511778056701047590e-01
1.234914242774599158e+00
-3.786026044571674104e-02
1.319593360652667968e+00
-1.582061548800884065e-01
7.249342124565767431e-01
4.437590684082312054e-01
1.902475561586125075e+00
-1.625764390625313416e+00
-2.280986895789539837e+00
9.506200484185850508e-02
1.193423374363622891e+00
1.560644837029621979e+00
-4.714214353621118403e-01
2.006609597313317561e+00
-1.029769483571111088e+00
-2.169701343613417988e-01
-2.572028864209490173e-01
-2.857953035768562522e+00
5.837856015449540692e-01
-1.182520266700355815e+00
-4.049201960676127032e-01
2.253212046290930526e-01
4.457478526709923172e-01
7.717953682977438112e-02
-7.902381398620842434e-01
3.665753987580283590e-02
-6.842329185809935543e-01
-3.100600908150145330e+00
-3.371802201096535390e-01
7.485118319398527120e-01
5.623265205634533359e-01
4.970249946399452057e-01
5.043250968098201420e-03
1.147769746999603990e+00
1.511579059286477511e+00
-1.416871485671304720e+00
-1.396591644785381670e+00
1.515195856387458573e+00
-1.281356199538287166e+00
3.288550336429026388e-01
1.219303084232302048e+00
-2.429848410412237258e-01
-1.264734791894450483e+00
-1.209986019344864827e+00
-2.400260243068756516e+00
-1.247820954528380266e+00
-7.203571755230847584e-01
-7.591646743227785654e-01
2.023065005729510202e-01
1.066857937840130832e+00
-4.177124982295479239e-01
-6.255053511843866598e-01
9.524803791473649417e-01
1.707242936828433644e+00
7.091932821145076060e-01
2.878335010234777669e-01
2.489929251571948665e+00
1.791319799051493300e+00
-3.987466041263919014e-01
-1.025410770962741136e+00
-1.101818980572016604e-01
-6.017511726570872188e-01
-2.025063503792385422e+00
-1.268398964177021471e+00
-3.558047356761396829e-01
1.341174060421287173e+00
-9.182302877231599547e-01
-7.780223086093955853e-01
-3.392123576173526889e-01
-1.620032228747009917e+00
-5.416244787583549547e-01
-1.041250094959347283e+00
-8.013402988516953318e-01
1.507821762074437633e+00
1.834274973052607782e+00
8.680512909240704067e-01
3.574395787292629634e-01
-7.148100146087015272e-01
-5.710771959497115136e-01
7.862865806540154656e-01
-6.758737767814948505e-01
6.573351284230558034e-02
-3.098551905914637139e-01
1.621604938746700197e-01
1.959915737132448543e-01
5.247921434832750753e-01
-4.004250910623056992e-02
1.320122825853186965e+00
6.643635067733135724e-01
2.609309158261083894e-01
9.552999234355488145e-01
-1.234161534729117937e+00
-1.225980714600451327e+00
4.501431046892542254e-01
9.553124118604310322e-01
1.369126317347089339e+00
-9.890074571755017585e-01
7.621599624934048689e-02
3.146818047278246988e-01
7.696711215330713785e-01
1.742416008794211324e+00
-1.329984000444899062e+00
9.662748823054950753e-01
2.272823563498054700e+00
-1.029588724695665203e+00
-1.188734489688970108e-01
-1.404976532928774446e+00
2.446663618028796505e-01
-4.237828449329132385e-01
1.479688453139972770e+00
1.129718453690051083e+00
-1.267582986846818027e+00
1.654494584092875309e+00
-1.267580898485077601e+00
-3.476324997923098126e-01
7.341285694872123901e-01
-2.873806998905532040e-01
-1.314765571511602449e+00
-9.848194225040971528e-01
-9.450957882509138930e-01
3.021925628282600584e+00
-8.582588613554384535e-04
-3.710239702042170129e-01
3.209890547564596408e-02
-6.703361940714348544e-01
1.634723302812089329e+00
8.806465833347530969e-01
-1.652246901046426464e+00
3.469776918219707462e-01
-1.172912724395110962e+00
-5.670968667845108779e-01
-2.985601901622244037e-01
-8.641789347101493934e-01
1.079664412276183594e+00
1.428197252906104886e+00
-2.078860343376458530e+00
-4.388238695851982007e-01
-1.497838739349491632e+00
-6.196726014593083587e-01
1.379618243255505972e+00
1.428047568372604187e-02
3.476726798795341800e-02
-5.098501497348081335e-01
-6.306253440148631428e-01
1.508503226471677117e+00
6.018829680200979970e-01
9.982913111031893605e-02
-3.557328498205498124e-01
8.987248112091762720e-02
3.942505818478877488e-01
-1.432599689211288441e+00
1.040259860207239928e+00
7.043484395831990375e-01
3.776211819599271657e-01
-3.665131161374196034e-01
-8.361423784535103598e-01
-1.631235927285859422e+00
-1.579055447536262258e-01
1.084332016766760054e+00
-1.076936470201792728e+00
5.598991684281872105e-01
6.155227929437845358e-01
6.543507246712068071e-01
4.728787368281826553e-01
-1.468310327025775797e+00
1.751178490384287079e+00
-2.238659824095047823e-01
1.925423312701036505e+00
-7.872433766135897848e-01
1.322283029022115253e+00
2.268535414327267907e-01
-4.326278919475081142e-01
3.243176549296020172e-01
-7.593529035293757889e-01
1.612076011914570950e+00
5.125070376401043015e-01
-6.048242208276181087e-01
5.400233766717348338e-01
-9.686982288986811795e-01
-1.526507646970512555e+00
-6.208595230205023185e-02
-1.653944822273850423e+00
9.609839317945596537e-01
1.271565282567339861e-01
-7.368902131920292975e-01
1.515896686375826363e-01
7.284407786908320137e-01
8.081101699534469773e-01
8.260452116028886849e-01
-3.783815729919761117e-01
6.928070559160596220e-01
-2.697993165169964014e-01
2.158845226630243808e-01
-2.959055417788628572e-01
1.199241220635594019e+00
1.136706490078737586e+00
2.134218678237822797e-01
-9.981953696810401677e-01
-1.884031049586265105e+00
1.681839104063316936e+00
5.313116589271166257e-02
1.054403572970671332e+00
2.412954780122668428e-03
1.714505269829119383e-01
6.538937538514684455e-02
-1.088902873878597966e+00
1.157580378789752062e+00
2.850340238564664230e-01
-4.358254372004909394e-01
-1.447503174773893120e+00
-6.244498118683827759e-01
-4.207980743584657235e-01
5.530294936147275298e-01
-6.306055258644032158e-01
-3.799798975379081734e-01
-1.234294549784635153e+00
7.469809692790885247e-01
-7.623204033985377936e-01
1.631939182800858701e+00
1.432508335449088399e+00
3.414458013070546527e-01
-2.400134679196745058e+00
6.104726522737780048e-01
4.060276858458871097e-01
-4.922381131249212727e-01
7.698497285432782666e-01
7.317848146581991120e-01
-3.819338638303743649e-01
-4.115629155669182637e-01
1.565018708282368776e+00
5.163848825182197899e-01
-1.562793440890037910e+00
-1.964443742365646672e+00
-7.129035236798052511e-01
-1.588103790361986345e+00
-7.350646533714164654e-01
-9.652736819270725521e-02
-3.211093053406316455e-01
6.231387449977187076e-01
3.224553316794295799e-01
-6.501747341886413567e-01
1.166136595536435117e+00
-5.781544092181406524e-01
-7.308695468022826658e-01
-5.843191053523238976e-01
1.621514852873456869e-01
8.010533948552677197e-01
-4.045626645646963060e-01
2.145140783413274743e+00
6.318063027110938645e-02
1.005441671098839196e+00
2.114251358757552046e-01
-1.183551424776225769e+00
6.013988891931228847e-02
-1.474913456545424717e-01
-8.149203588054757530e-01
-5.558346982631995337e-01
-1.238037874956850803e+00
1.501697902832896669e-01
-1.993255611184313381e+00
-1.873006846002301495e+00
-1.703026427881894067e+00
3.095172635567792763e-01
7.247478008887578982e-01
-4.736161673955630903e-03
-8.481540295570286769e-01
6.997520634113414406e-01
-8.328127732293852392e-02
-1.055748516137352988e+00
1.131757961529932244e+00
1.894869542603251578e+00
5.443860015837430621e-01
1.332153290007513924e+00
-5.446461175695881812e-02
-2.021768793761877583e-02
-1.443279171827069440e+00
-1.004281186876576221e-01
1.426205414005308869e+00
4.647887049221663402e-01
2.690255354299750379e-01
-3.051535895864019854e-01
8.513696981298518596e-01
5.545158858307438488e-01
1.027828524694832657e+00
-5.153418998442200749e-01
8.023649060083428708e-01
-5.160636493368928601e-01
-6.025614437027240200e-01
1.008392464451201009e+00
-3.400935812511431955e+00
1.777826010483837038e+00
1.301984076920222000e+00
6.797675253782735627e-01
8.365031669816961335e-01
1.253162558284941941e+00
-3.622916705741849319e-01
1.976807518250974782e-01
-2.174185506108349042e+00
-5.249454382173043138e-02
3.802423986061843619e-01
-1.043989462367169718e+00
-1.057381334952105956e+00
3.930226710079575136e-01
-6.109935975362916771e-01
-8.521648181746300788e-01
-1.216201396503238143e-02
7.242772204892586885e-01
1.775626992769569812e+00
-8.396203081348467823e-01
5.684057364123881184e-01
-3.307095130837461872e-01
-5.615020641482449948e-01
6.358137649137287628e-01
-3.759153079487539406e-01
2.596022097878421531e-01
-4.029473045502113271e-01
7.449465173913137894e-01
5.806372587418784370e-02
-1.577694390725388862e+00
4.609188602256213130e-02
-8.580633251625015001e-01
1.390288501526390608e+00
6.538381443537752413e-02
-1.045430523267917522e+00
-4.063905679319640973e-01
1.311891281301803991e+00
7.053331433769126635e-01
3.364293765018078752e-01
7.778131795984065677e-01
-1.413653752148080478e-01
2.032749533195223446e+00
-3.496811782174283900e-01
-4.771450607549733713e-01
3.217705463504295094e-01
1.101083908381581961e-01
-5.408615955391889996e-01
1.813028884654713235e-01
7.297121891761722268e-02
7.737848285864235010e-01
1.350979443332110508e+00
-1.706795726587111151e-01
-3.367865545926760351e-01
1.730190760634627359e-02
-7.226400478031306251e-01
2.010016832231283912e-01
-1.192962299804308651e-01
-4.377987056884148909e-01
-3.088865802250017056e-01
-6.482411786383830421e-01
-1.418221585567122744e+00
-7.417482261709167357e-01
6.002163076520807827e-01
9.592057966922872270e-01
4.824632505155979079e-01
1.232545933083468492e+00
1.142786831485248511e+00
7.094517964598414661e-01
-4.658344390427101578e-01
-8.184017670984760073e-01
-7.915948572412941919e-01
-7.220615252466066059e-01
-3.883474787616640334e-01
2.165020918672334371e+00
7.564291312567837933e-01
-3.104942287485189523e-01
1.088149639320206363e+00
3.927098286383106096e-01
-3.106426221849755809e+00
5.154271084336076170e-01
-7.922078364358710323e-02
-1.674232540311449968e+00
